$ANSIBLE_VAULT;1.1;AES256
64616365333734376162646437323232303930623936383339343831623138393836373930393939
6139656531393866366631386462346337363365363563640a336265623362363631396137326361
61346533323737396335343066623762396430636537303365353739623636323562383664306338
6132386335386233300a666436666564636536636532343335333839663130373635326639366535
62396139656561373433396633613830396166306535626135666264323536306630366139373932
35393465356438356136343463323965626538656237636533323639633131303434303664326338
36653334323631346365643139666631656138646533633236373933313131636666623066656639
63316633316163306563373036393138326533633635656566663661323062353333653964366635
35643764343362303730633330653235663062343963663430653563663961623339356333313030
33663038326262323663343862396533663462356435303639656561313664313266643239316162
65393862333237653735663065333034613763623062653538333331613938313830383339666131
33626539646330316161333965623237623435633733623833326561363332653832393166326439
37373730313362343938323365333237326364376263306437646461343966633338663835303563
37353632636336313138613061666564393131326566646535376134333630623765356436633566
39336130383238333063656666303639626235633236626433663361653061373333343333323162
34633334393830626231316663613734333535333837636664326164373731623939376664613238
33383830366635656637626463656636633966333637393138363730366634653136303661333961
38313361303433373033623333376164346461333630376538346230303764623264373236623961
61353164666330306235386431656530343333666534313162313739326434646663363364393037
39356534383863373339306362393431633263313632336362633766633166333539323833323261
31333237653465393766633033646533393461313362626365303261653132666339333130626463
32306433313161626366653837363438663663646233613765636437613466363335393762333964
39636238663463613535393735393963316538373130613738613537303536363932626633376133
64323066326366653061313132323437386633383834663938396636633632646661643632313163
31396438633562643163306562353632656139383630663261633136363337613437376562303261
30633732313432633439646264633638613233363539376236373431656363626134613162363265
66613037393434346432333962353432636461373562353235373838353430323136396362383536
33316138316232323137346363393237623366653930363739643939363535346134666661643838
39636266653161396635666532613161343737333939646337336330353538323536323162326362
62313832396238613562393838623430326239346531626163616533333265316161363066636431
35316238313630373266306361303231373831663666366535326266646235373933653061333931
34326566653437303632613130633565303164353363643561666439666432616537643334303666
35313437376431393563316139626634666530393135623431626130316430666265
